0.581165052950
0.763366989791
0.281989397187
0.577350269190
0.577350269190
0.577350269190
0.356822089773
0.000000000000
-0.934172358963
-0.577350269190
0.577350269190
-0.577350269190
-0.356822089773
0.000000000000
0.934172358963
0.934172358963
0.356822089773
-0.000000000000
0.000000000000
0.934172358963
-0.356822089773
-0.577350269190
0.577350269190
0.577350269190
0.577350269190
-0.577350269190
0.577350269190
-0.934172358963
-0.356822089773
-0.000000000000
0.577350269190
0.577350269190
-0.577350269190
-0.000000000000
0.934172358963
0.356822089773
-0.577350269190
-0.577350269190
0.577350269190
0.934172358963
-0.356822089773
0.000000000000
0.356822089773
-0.000000000000
0.934172358963
-0.356822089773
-0.000000000000
-0.934172358963
-0.000000000000
-0.934172358963
-0.356822089773
0.577350269190
-0.577350269190
-0.577350269190
0.000000000000
-0.934172358963
0.356822089773
-0.934172358963
0.356822089773
0.000000000000
-0.577350269190
-0.577350269190
-0.577350269190
1.000000000000
0.000000000000
0.000000000000
-0.500000000000
-0.309016994375
-0.809016994375
-1.000000000000
0.000000000000
0.000000000000
0.500000000000
-0.309016994375
0.809016994375
0.500000000000
0.309016994375
-0.809016994375
-0.500000000000
0.309016994375
-0.809016994375
-0.500000000000
-0.309016994375
0.809016994375
0.809016994375
-0.500000000000
-0.309016994375
-0.309016994375
-0.809016994375
0.500000000000
-0.309016994375
0.809016994375
-0.500000000000
-0.809016994375
0.500000000000
0.309016994375
0.000000000000
-1.000000000000
0.000000000000
0.809016994375
0.500000000000
-0.309016994375
-0.000000000000
1.000000000000
0.000000000000
-0.809016994375
-0.500000000000
0.309016994375
0.809016994375
0.500000000000
0.309016994375
0.309016994375
0.809016994375
-0.500000000000
-0.309016994375
-0.809016994375
-0.500000000000
0.000000000000
-0.000000000000
1.000000000000
0.309016994375
0.809016994375
0.500000000000
0.000000000000
0.000000000000
-1.000000000000
0.309016994375
-0.809016994375
0.500000000000
-0.309016994375
0.809016994375
0.500000000000
0.309016994375
-0.809016994375
-0.500000000000
-0.809016994375
0.500000000000
-0.309016994375
-0.809016994375
-0.500000000000
-0.309016994375
0.809016994375
-0.500000000000
0.309016994375
0.500000000000
0.309016994375
0.809016994375
0.500000000000
-0.309016994375
-0.809016994375
-0.500000000000
0.309016994375
0.809016994375
0.173445060873
0.296992291194
-0.938995415234
-0.581165052950
0.763366989791
-0.281989397187
-0.173445060873
0.296992291194
0.938995415234
0.754610113824
0.656172046991
-0.001349393514
-0.298341684708
0.938161444178
-0.175628425442
-0.282823368243
0.578981688381
0.764716383305
0.764716383305
-0.282823368243
0.578981688381
-0.938161444178
-0.175628425442
0.298341684708
0.578981688381
0.764716383305
-0.282823368243
-0.001349393514
0.754610113824
0.656172046991
-0.281989397187
-0.581165052950
0.763366989791
0.938995415234
-0.173445060873
0.296992291194
0.281989397187
0.581165052950
0.763366989791
-0.175628425442
-0.298341684708
0.938161444178
0.175628425442
0.298341684708
0.938161444178
-0.296992291194
0.938995415234
0.173445060873
-0.656172046991
-0.001349393514
-0.754610113824
-0.763366989791
-0.281989397187
0.581165052950
-0.578981688381
0.764716383305
0.282823368243
-0.763366989791
0.281989397187
-0.581165052950
-0.296992291194
-0.938995415234
-0.173445060873
0.656172046991
-0.001349393514
0.754610113824
0.763366989791
-0.281989397187
-0.581165052950
0.296992291194
0.938995415234
-0.173445060873
0.763366989791
0.281989397187
0.581165052950
0.938161444178
-0.175628425442
-0.298341684708
-0.175628425442
0.298341684708
-0.938161444178
0.296992291194
-0.938995415234
0.173445060873
-0.938995415234
0.173445060873
0.296992291194
0.001349393514
-0.754610113824
0.656172046991
-0.764716383305
0.282823368243
0.578981688381
-0.578981688381
-0.764716383305
-0.282823368243
0.282823368243
-0.578981688381
0.764716383305
-0.656172046991
0.001349393514
0.754610113824
0.298341684708
-0.938161444178
-0.175628425442
0.938161444178
0.175628425442
0.298341684708
0.173445060873
-0.296992291194
0.938995415234
0.656172046991
0.001349393514
-0.754610113824
-0.754610113824
-0.656172046991
-0.001349393514
0.578981688381
-0.764716383305
0.282823368243
-0.282823368243
-0.578981688381
-0.764716383305
0.282823368243
0.578981688381
-0.764716383305
-0.764716383305
-0.282823368243
-0.578981688381
-0.754610113824
0.656172046991
0.001349393514
0.001349393514
0.754610113824
-0.656172046991
0.281989397187
-0.581165052950
-0.763366989791
-0.938995415234
-0.173445060873
-0.296992291194
-0.281989397187
0.581165052950
-0.763366989791
0.938995415234
0.173445060873
-0.296992291194
-0.001349393514
-0.754610113824
-0.656172046991
0.764716383305
0.282823368243
-0.578981688381
-0.938161444178
0.175628425442
-0.298341684708
0.175628425442
-0.298341684708
-0.938161444178
0.581165052950
-0.763366989791
-0.281989397187
-0.581165052950
-0.763366989791
0.281989397187
-0.298341684708
-0.938161444178
0.175628425442
0.298341684708
0.938161444178
0.175628425442
-0.173445060873
-0.296992291194
-0.938995415234
0.754610113824
-0.656172046991
0.001349393514
